0
1
1
4
5 5 5 5
5
1 2 3 4 5
5
5 4 3 2 1
7
1 3 2 4 6 5 7
6
1 1 2 2 3 3
8
10 5 8 3 7 9 2 6
30
128 93 113 133 37 168 176 32 57 181 49 143 43 106 56 60 91 15 161 56 25 42 63 129 39 32 1 187 57 178
30
69 84 164 36 4 7 172 189 14 135 3 54 25 69 145 79 166 176 30 104 91 45 183 109 29 98 137 120 80 18
30
80 45 50 90 199 95 43 52 35 133 182 71 194 164 26 59 111 178 75 47 58 104 23 38 18 72 138 21 2 9
30
22 118 192 54 98 148 88 170 159 184 196 127 131 45 81 54 144 170 178 75 126 180 117 153 189 113 31 42 47 198
30
9 26 129 95 39 43 191 135 119 173 127 151 102 147 19 76 81 34 93 194 98 58 171 33 102 61 119 170 47 189
30
142 39 190 62 114 77 98 134 1 73 188 155 47 174 151 14 25 25 17 45 101 200 94 173 7 26 148 51 39 142
30
131 102 75 124 182 74 86 139 18 145 32 124 52 133 77 23 137 38 123 52 42 48 93 162 195 53 30 37 168 103
30
46 119 107 119 147 112 2 137 85 79 74 149 103 117 19 162 186 81 84 41 44 33 55 168 175 69 61 172 2 21
30
23 22 12 56 56 167 52 80 34 191 46 48 35 144 82 144 200 198 183 125 199 175 162 99 157 159 190 128 35 3
30
45 14 33 97 124 31 20 172 45 199 112 149 110 96 65 115 154 142 93 155 142 184 156 43 18 98 50 153 183 100
-1